{
  "psnr_monotonicity": {
    "all_monotonic": true,
    "trajectories": [
      {
        "traj_id": 0,
        "psnr_by_step": {
          "0": 11.29,
          "4": 15.3,
          "9": 21.36,
          "14": 28.73
        },
        "is_monotonic": true
      },
      {
        "traj_id": 1,
        "psnr_by_step": {
          "0": 10.33,
          "4": 13.86,
          "9": 19.46,
          "14": 25.79,
          "19": 39.39
        },
        "is_monotonic": true
      },
      {
        "traj_id": 2,
        "psnr_by_step": {
          "0": 8.95,
          "4": 11.8,
          "9": 16.9,
          "14": 23.27,
          "19": 32.57
        },
        "is_monotonic": true
      },
      {
        "traj_id": 3,
        "psnr_by_step": {
          "0": 8.33,
          "4": 10.33,
          "9": 14.17,
          "14": 19.39,
          "19": 26.15,
          "24": 41.94
        },
        "is_monotonic": true
      },
      {
        "traj_id": 4,
        "psnr_by_step": {
          "0": 8.01,
          "4": 9.36,
          "9": 11.91,
          "14": 15.56,
          "19": 20.1,
          "24": 26.23,
          "29": 41.79
        },
        "is_monotonic": true
      },
      {
        "traj_id": 5,
        "psnr_by_step": {
          "0": 8.61,
          "4": 12.06,
          "9": 16.98,
          "14": 22.82
        },
        "is_monotonic": true
      },
      {
        "traj_id": 6,
        "psnr_by_step": {
          "0": 7.84,
          "4": 10.83,
          "9": 15.54,
          "14": 20.01,
          "19": 32.93
        },
        "is_monotonic": true
      },
      {
        "traj_id": 7,
        "psnr_by_step": {
          "0": 6.92,
          "4": 9.46,
          "9": 14.13,
          "14": 19.08,
          "19": 26.17
        },
        "is_monotonic": true
      },
      {
        "traj_id": 8,
        "psnr_by_step": {
          "0": 6.65,
          "4": 8.62,
          "9": 12.49,
          "14": 17.74,
          "19": 23.85,
          "24": 38.17
        },
        "is_monotonic": true
      },
      {
        "traj_id": 9,
        "psnr_by_step": {
          "0": 6.62,
          "4": 7.87,
          "9": 10.33,
          "14": 13.75,
          "19": 17.51,
          "24": 22.14,
          "29": 36.3
        },
        "is_monotonic": true
      },
      {
        "traj_id": 10,
        "psnr_by_step": {
          "0": 10.79,
          "4": 13.58,
          "9": 18.07,
          "14": 23.59,
          "19": 31.97
        },
        "is_monotonic": true
      },
      {
        "traj_id": 11,
        "psnr_by_step": {
          "0": 11.02,
          "4": 13.75,
          "9": 18.85,
          "14": 26.8
        },
        "is_monotonic": true
      },
      {
        "traj_id": 12,
        "psnr_by_step": {
          "0": 10.62,
          "4": 13.22,
          "9": 17.85,
          "14": 24.45,
          "19": 40.41
        },
        "is_monotonic": true
      },
      {
        "traj_id": 13,
        "psnr_by_step": {
          "0": 11.62,
          "4": 12.8,
          "9": 14.67,
          "14": 17.08,
          "19": 20.39,
          "24": 25.58,
          "29": 41.75
        },
        "is_monotonic": true
      },
      {
        "traj_id": 14,
        "psnr_by_step": {
          "0": 10.65,
          "4": 13.46,
          "9": 18.68,
          "14": 26.88
        },
        "is_monotonic": true
      },
      {
        "traj_id": 15,
        "psnr_by_step": {
          "0": 9.16,
          "4": 10.59,
          "9": 13.18,
          "14": 16.83,
          "19": 24.06
        },
        "is_monotonic": true
      },
      {
        "traj_id": 16,
        "psnr_by_step": {
          "0": 8.62,
          "4": 10.27,
          "9": 12.76,
          "14": 15.46,
          "19": 18.44,
          "24": 22.95,
          "29": 37.5
        },
        "is_monotonic": true
      },
      {
        "traj_id": 17,
        "psnr_by_step": {
          "0": 8.88,
          "4": 11.75,
          "9": 16.74,
          "14": 23.23
        },
        "is_monotonic": true
      },
      {
        "traj_id": 18,
        "psnr_by_step": {
          "0": 10.59,
          "4": 11.26,
          "9": 12.57,
          "14": 14.5,
          "19": 17.35,
          "24": 21.93,
          "29": 36.8
        },
        "is_monotonic": true
      },
      {
        "traj_id": 19,
        "psnr_by_step": {
          "0": 9.47,
          "4": 11.04,
          "9": 13.63,
          "14": 16.8,
          "19": 21.19,
          "24": 35.44
        },
        "is_monotonic": true
      }
    ]
  },
  "naturalness": {
    "all_pass": true,
    "flagged": [],
    "reports": [
      {
        "entropy": [
          3.3028946420297416,
          3.573383971879968,
          3.66389509748575
        ],
        "mean_entropy": 3.51339123713182,
        "spectral_slope": -2.641026881091453,
        "laplacian_variance": 1044.7614284939236,
        "channel_means": [
          75.07273700420673,
          68.11214787409855,
          65.31847111628606
        ],
        "channel_stds": [
          80.80013532574155,
          74.22230723283812,
          71.54723581654666
        ],
        "traj_id": 0
      },
      {
        "entropy": [
          4.236992108217779,
          4.176812767343138,
          4.309450037723765
        ],
        "mean_entropy": 4.241084971094893,
        "spectral_slope": -2.670473184627403,
        "laplacian_variance": 804.4410339877137,
        "channel_means": [
          74.56214317908653,
          67.60867356520433,
          65.41807767427885
        ],
        "channel_stds": [
          78.95894854237231,
          72.43602702571538,
          70.37947359729047
        ],
        "traj_id": 1
      },
      {
        "entropy": [
          4.798164986923061,
          4.7528391004827855,
          4.807882719566148
        ],
        "mean_entropy": 4.786295602323999,
        "spectral_slope": -2.8026396245761145,
        "laplacian_variance": 429.54710182124734,
        "channel_means": [
          74.34094707782452,
          67.52148061899038,
          65.2011502779447
        ],
        "channel_stds": [
          78.0844068027135,
          71.09522885592955,
          68.79328671146614
        ],
        "traj_id": 2
      },
      {
        "entropy": [
          4.77460276286592,
          4.8482890436498876,
          5.015154867714809
        ],
        "mean_entropy": 4.8793488914102054,
        "spectral_slope": -2.8951020461865866,
        "laplacian_variance": 233.48126439803684,
        "channel_means": [
          73.49799522986778,
          69.83345008263221,
          72.29527587890625
        ],
        "channel_stds": [
          78.35824682421699,
          70.18521141370611,
          71.14142007462151
        ],
        "traj_id": 3
      },
      {
        "entropy": [
          5.767347239273748,
          5.896135517058914,
          6.249203705959537
        ],
        "mean_entropy": 5.970895487430734,
        "spectral_slope": -2.888768817407808,
        "laplacian_variance": 332.1833030765892,
        "channel_means": [
          74.92579439603365,
          62.38390737680288,
          68.83860238882211
        ],
        "channel_stds": [
          81.2438558710785,
          67.63124734399419,
          65.88285565445311
        ],
        "traj_id": 4
      },
      {
        "entropy": [
          1.81853274334794,
          2.2921992144919585,
          1.8786071763124559
        ],
        "mean_entropy": 1.9964463780507848,
        "spectral_slope": -1.5114835466969778,
        "laplacian_variance": 8094.865752326118,
        "channel_means": [
          246.0743522644043,
          245.71422576904297,
          245.8770866394043
        ],
        "channel_stds": [
          39.051976013986526,
          39.1270732639523,
          39.428251393345995
        ],
        "traj_id": 5
      },
      {
        "entropy": [
          2.1632173675338744,
          2.5375524999936223,
          2.1554770884316814
        ],
        "mean_entropy": 2.2854156519863924,
        "spectral_slope": -1.5152481870221428,
        "laplacian_variance": 8073.062098185222,
        "channel_means": [
          245.09618759155273,
          244.73972702026367,
          244.65230560302734
        ],
        "channel_stds": [
          38.6309016699673,
          38.55079356141755,
          39.00403510745321
        ],
        "traj_id": 6
      },
      {
        "entropy": [
          2.826817255542451,
          2.7098938957796093,
          2.798619767791896
        ],
        "mean_entropy": 2.7784436397046517,
        "spectral_slope": -1.6733183854833775,
        "laplacian_variance": 4967.8322355482305,
        "channel_means": [
          243.03778839111328,
          242.3041763305664,
          243.3324317932129
        ],
        "channel_stds": [
          38.438926591811345,
          38.337870355825444,
          38.10943582146617
        ],
        "traj_id": 7
      },
      {
        "entropy": [
          3.827572518146861,
          3.913851172000718,
          3.840968004147385
        ],
        "mean_entropy": 3.8607972314316545,
        "spectral_slope": -2.5580357392280373,
        "laplacian_variance": 1818.8676138983833,
        "channel_means": [
          235.73597717285156,
          234.39871215820312,
          237.66009521484375
        ],
        "channel_stds": [
          54.0129901821222,
          53.388426710456926,
          43.62145733039148
        ],
        "traj_id": 8
      },
      {
        "entropy": [
          4.229487247146055,
          4.420561473662529,
          4.478983819047743
        ],
        "mean_entropy": 4.376344179952109,
        "spectral_slope": -2.1754146953466127,
        "laplacian_variance": 4355.343146430122,
        "channel_means": [
          230.359619140625,
          223.96681213378906,
          221.18024063110352
        ],
        "channel_stds": [
          51.0045794500784,
          60.01138824677598,
          61.5614336046654
        ],
        "traj_id": 9
      },
      {
        "entropy": [
          4.692596104209044,
          4.596207188567208,
          4.90986454443982
        ],
        "mean_entropy": 4.732889279072023,
        "spectral_slope": -2.613367627985241,
        "laplacian_variance": 630.299074352297,
        "channel_means": [
          76.1397216796875,
          70.08991980919471,
          67.20919189453124
        ],
        "channel_stds": [
          76.52833810125321,
          70.46443909633274,
          67.84450848493384
        ],
        "traj_id": 10
      },
      {
        "entropy": [
          5.967165637049335,
          5.832099874424086,
          6.452380324438801
        ],
        "mean_entropy": 6.083881945304074,
        "spectral_slope": -2.7657382246256637,
        "laplacian_variance": 321.54913465711803,
        "channel_means": [
          82.14314246544471,
          77.16621844951923,
          74.09182504507211
        ],
        "channel_stds": [
          66.78548792545891,
          61.54255201904763,
          60.39499693745468
        ],
        "traj_id": 11
      },
      {
        "entropy": [
          5.754959688455872,
          5.349207797574788,
          5.912136812433915
        ],
        "mean_entropy": 5.672101432821525,
        "spectral_slope": -2.852228292867368,
        "laplacian_variance": 235.31991394564636,
        "channel_means": [
          79.07723013070914,
          73.5173086313101,
          69.74354154146634
        ],
        "channel_stds": [
          70.02966553969512,
          63.24292046801398,
          60.86934263579832
        ],
        "traj_id": 12
      },
      {
        "entropy": [
          6.488704223692226,
          6.122697435506141,
          6.218253778045734
        ],
        "mean_entropy": 6.276551812414701,
        "spectral_slope": -2.6429826239761116,
        "laplacian_variance": 450.25064561631945,
        "channel_means": [
          91.29784874549279,
          88.6291240985577,
          86.85919189453125
        ],
        "channel_stds": [
          56.651389231398944,
          51.36837821162132,
          50.31786303573298
        ],
        "traj_id": 13
      },
      {
        "entropy": [
          6.305036880048523,
          6.165742820817145,
          6.471961455892112
        ],
        "mean_entropy": 6.314247052252593,
        "spectral_slope": -3.0110781568820917,
        "laplacian_variance": 152.95774197048613,
        "channel_means": [
          75.95641714242788,
          66.44163442758413,
          71.60359919621395
        ],
        "channel_stds": [
          73.70619290497062,
          62.364091941816845,
          60.24676611364678
        ],
        "traj_id": 14
      },
      {
        "entropy": [
          5.199034756209004,
          5.082546601288593,
          5.370077816580522
        ],
        "mean_entropy": 5.217219724692707,
        "spectral_slope": -2.2425966610906616,
        "laplacian_variance": 3403.2547497219507,
        "channel_means": [
          211.9764060974121,
          208.69479370117188,
          206.78331756591797
        ],
        "channel_stds": [
          46.03779944216416,
          52.40686249729579,
          43.918034068561965
        ],
        "traj_id": 15
      },
      {
        "entropy": [
          2.985285962556492,
          3.539254215405915,
          3.5177004805784495
        ],
        "mean_entropy": 3.347413552846952,
        "spectral_slope": -1.7758021550680485,
        "laplacian_variance": 6512.068678961859,
        "channel_means": [
          234.14542770385742,
          234.0406837463379,
          233.97742462158203
        ],
        "channel_stds": [
          46.42336886265469,
          45.231218986836694,
          45.77418872520226
        ],
        "traj_id": 16
      },
      {
        "entropy": [
          4.002795913970386,
          3.930218095236814,
          3.798839775613157
        ],
        "mean_entropy": 3.9106179282734526,
        "spectral_slope": -2.2025476189339983,
        "laplacian_variance": 2052.318815443251,
        "channel_means": [
          230.3541030883789,
          230.11571884155273,
          229.86025619506836
        ],
        "channel_stds": [
          39.10448534801191,
          38.358173504452836,
          38.46676954240637
        ],
        "traj_id": 17
      },
      {
        "entropy": [
          7.329017933786954,
          7.359820972173315,
          7.568525168215254
        ],
        "mean_entropy": 7.419121358058508,
        "spectral_slope": -2.2974157462683156,
        "laplacian_variance": 736.2489785088433,
        "channel_means": [
          157.03343963623047,
          145.62955474853516,
          124.74771499633789
        ],
        "channel_stds": [
          49.88019914678133,
          47.47981066289357,
          68.17490915142822
        ],
        "traj_id": 18
      },
      {
        "entropy": [
          5.2647248939960125,
          5.447520260417223,
          5.595353839832759
        ],
        "mean_entropy": 5.435866331415331,
        "spectral_slope": -2.4502116565297825,
        "laplacian_variance": 2644.1435402764214,
        "channel_means": [
          213.51514053344727,
          207.8479232788086,
          203.9333953857422
        ],
        "channel_stds": [
          49.69903038764695,
          52.723513396381044,
          56.33294750491901
        ],
        "traj_id": 19
      }
    ]
  },
  "histogram_clustering": {
    "n_trajectories": 20,
    "same_prompt_pairs": 6,
    "same_seed_pairs": 0,
    "other_pairs": 184,
    "mean_same_prompt_sim": 0.2549771962498204,
    "mean_same_seed_sim": null,
    "mean_other_sim": 0.21325963203747253,
    "prompt_gt_seed": true,
    "sim_matrix": [
      [
        1.0,
        0.9468563681719427,
        0.8977949749050596,
        0.7866370603754049,
        0.8956875311434176,
        0.0403456730954942,
        0.037688316466397205,
        0.03750033473707069,
        0.0514501787466081,
        0.04788709909554003,
        0.9396225218736942,
        0.11537490395855804,
        0.1238237980359935,
        0.1252246411280469,
        0.36562995768372974,
        0.03251325534430164,
        0.023658547198035264,
        0.01245985097872716,
        0.18918787472170753,
        0.026348624219656613
      ],
      [
        0.9468563681719427,
        1.0000000000000002,
        0.9543515353678507,
        0.8421300937948714,
        0.928583881766299,
        0.03996650744172278,
        0.03721534940464266,
        0.037016958413181936,
        0.05142846900449294,
        0.04985336726276891,
        0.9842953354848794,
        0.1816404548860286,
        0.13900136366740085,
        0.15637591155454028,
        0.38040527248632633,
        0.033104820529114835,
        0.025013931702217235,
        0.013586792490880139,
        0.1970167541328575,
        0.026832845909207797
      ],
      [
        0.8977949749050596,
        0.9543515353678507,
        0.9999999999999999,
        0.8381207776217096,
        0.9614737652285699,
        0.014423449533039935,
        0.011636482215912099,
        0.011405484298862983,
        0.02698723690916738,
        0.026307349754131407,
        0.9560832074454825,
        0.18219983992226346,
        0.15170525146691444,
        0.1755081867483631,
        0.3959918781399254,
        0.03818107636303336,
        0.02356871581548636,
        0.014992281045446374,
        0.2246801372660832,
        0.031236917080952508
      ],
      [
        0.7866370603754049,
        0.8421300937948714,
        0.8381207776217096,
        0.9999999999999999,
        0.8797513937740312,
        0.009086903842121297,
        0.006586991164555398,
        0.006692898610851339,
        0.020412930104538225,
        0.01974691467993221,
        0.8834601361604913,
        0.13944997547395846,
        0.13567930554978658,
        0.14648586873549965,
        0.4307286885569249,
        0.028856741098288313,
        0.01690719125607981,
        0.009778627409738637,
        0.2290595660747063,
        0.022494094789339558
      ],
      [
        0.8956875311434176,
        0.928583881766299,
        0.9614737652285699,
        0.8797513937740312,
        1.0,
        0.017771084679683843,
        0.01502657938113301,
        0.014641704267463328,
        0.03297284751252599,
        0.029736202126524173,
        0.9347580446371052,
        0.14340433699640046,
        0.1548857266808371,
        0.13789425521488924,
        0.45226445671611065,
        0.04545048608797386,
        0.028348350693288223,
        0.018982640575565285,
        0.28203432955206403,
        0.03602997380121067
      ],
      [
        0.0403456730954942,
        0.03996650744172278,
        0.014423449533039935,
        0.009086903842121297,
        0.017771084679683843,
        1.0000000000000002,
        0.9999529770721229,
        0.9999086199489959,
        0.9962370690316867,
        0.9949390821186709,
        0.02449663911118538,
        0.00780373898900359,
        0.0074092756987157605,
        0.0046351096553789994,
        0.009353912322165312,
        0.12854568309945924,
        0.18544355181466998,
        0.09510432952313241,
        0.02749784187682836,
        0.09472087663481472
      ],
      [
        0.037688316466397205,
        0.03721534940464266,
        0.011636482215912099,
        0.006586991164555398,
        0.01502657938113301,
        0.9999529770721229,
        1.0000000000000002,
        0.9999514861898073,
        0.9967904967822687,
        0.9955828288032604,
        0.021786211508012597,
        0.008771723816249358,
        0.007706314354826429,
        0.006143626055989507,
        0.00882839195049467,
        0.13201573156004534,
        0.19108856488122647,
        0.10103481443672828,
        0.03155866943174187,
        0.09920688041682128
      ],
      [
        0.03750033473707069,
        0.037016958413181936,
        0.011405484298862983,
        0.006692898610851339,
        0.014641704267463328,
        0.9999086199489959,
        0.9999514861898073,
        0.9999999999999998,
        0.9965658941389824,
        0.9954982353278689,
        0.021634132005175402,
        0.009394702747472469,
        0.007980716345508638,
        0.007731920603570682,
        0.008876890495293511,
        0.13276269299092572,
        0.18743208245406848,
        0.09758566885286533,
        0.035817178071938384,
        0.09896270312679276
      ],
      [
        0.0514501787466081,
        0.05142846900449294,
        0.02698723690916738,
        0.020412930104538225,
        0.03297284751252599,
        0.9962370690316867,
        0.9967904967822687,
        0.9965658941389824,
        1.0,
        0.9962721174906701,
        0.036506410837570225,
        0.012180354095138598,
        0.015169709906856994,
        0.007278696049848949,
        0.021385873233500854,
        0.17226335419908326,
        0.22935133923923054,
        0.14100949763017456,
        0.04964124111539792,
        0.13896903809889968
      ],
      [
        0.04788709909554003,
        0.04985336726276891,
        0.026307349754131407,
        0.01974691467993221,
        0.029736202126524173,
        0.9949390821186709,
        0.9955828288032604,
        0.9954982353278689,
        0.9962721174906701,
        1.0,
        0.035304479689007275,
        0.027041559063810245,
        0.0245118361806996,
        0.025441825490011342,
        0.025944582274661794,
        0.16972015959625364,
        0.2343674418844355,
        0.14810052832332785,
        0.07248728560463373,
        0.12295472454189135
      ],
      [
        0.9396225218736942,
        0.9842953354848794,
        0.9560832074454825,
        0.8834601361604913,
        0.9347580446371052,
        0.02449663911118538,
        0.021786211508012597,
        0.021634132005175402,
        0.036506410837570225,
        0.035304479689007275,
        1.0000000000000002,
        0.18088269679868121,
        0.15073443083129467,
        0.16208414550235942,
        0.40054590469200574,
        0.03323662198697239,
        0.029692247059993775,
        0.02074486116480375,
        0.20607268144695798,
        0.030660639404879727
      ],
      [
        0.11537490395855804,
        0.1816404548860286,
        0.18219983992226346,
        0.13944997547395846,
        0.14340433699640046,
        0.00780373898900359,
        0.008771723816249358,
        0.009394702747472469,
        0.012180354095138598,
        0.027041559063810245,
        0.18088269679868121,
        1.0,
        0.3890618567258489,
        0.2683599273788526,
        0.3637160647418816,
        0.03341114776496018,
        0.016567505080654393,
        0.01883376397564308,
        0.25483112364452126,
        0.05165158916501835
      ],
      [
        0.1238237980359935,
        0.13900136366740085,
        0.15170525146691444,
        0.13567930554978658,
        0.1548857266808371,
        0.0074092756987157605,
        0.007706314354826429,
        0.007980716345508638,
        0.015169709906856994,
        0.0245118361806996,
        0.15073443083129467,
        0.3890618567258489,
        1.0,
        0.17332027736488065,
        0.8378729761882279,
        0.027358086264584254,
        0.014374002489553325,
        0.014692892756096036,
        0.23340571693483456,
        0.036148637828132706
      ],
      [
        0.1252246411280469,
        0.15637591155454028,
        0.1755081867483631,
        0.14648586873549965,
        0.13789425521488924,
        0.0046351096553789994,
        0.006143626055989507,
        0.007731920603570682,
        0.007278696049848949,
        0.025441825490011342,
        0.16208414550235942,
        0.2683599273788526,
        0.17332027736488065,
        1.0,
        0.1910650148862001,
        0.023728963763093736,
        0.008920472342485152,
        0.013751852627399195,
        0.2556956070416529,
        0.03977220676609302
      ],
      [
        0.36562995768372974,
        0.38040527248632633,
        0.3959918781399254,
        0.4307286885569249,
        0.45226445671611065,
        0.009353912322165312,
        0.00882839195049467,
        0.008876890495293511,
        0.021385873233500854,
        0.025944582274661794,
        0.40054590469200574,
        0.3637160647418816,
        0.8378729761882279,
        0.1910650148862001,
        1.0,
        0.03737476742358455,
        0.018182635922441036,
        0.014830251443619066,
        0.2888512201076079,
        0.03908352265090305
      ],
      [
        0.03251325534430164,
        0.033104820529114835,
        0.03818107636303336,
        0.028856741098288313,
        0.04545048608797386,
        0.12854568309945924,
        0.13201573156004534,
        0.13276269299092572,
        0.17226335419908326,
        0.16972015959625364,
        0.03323662198697239,
        0.03341114776496018,
        0.027358086264584254,
        0.023728963763093736,
        0.03737476742358455,
        1.0000000000000002,
        0.1169529257727574,
        0.12366719802971253,
        0.1828655112670956,
        0.15351805027722945
      ],
      [
        0.023658547198035264,
        0.025013931702217235,
        0.02356871581548636,
        0.01690719125607981,
        0.028348350693288223,
        0.18544355181466998,
        0.19108856488122647,
        0.18743208245406848,
        0.22935133923923054,
        0.2343674418844355,
        0.029692247059993775,
        0.016567505080654393,
        0.014374002489553325,
        0.008920472342485152,
        0.018182635922441036,
        0.1169529257727574,
        1.0,
        0.992499476345346,
        0.07059266863926884,
        0.15166512620578998
      ],
      [
        0.01245985097872716,
        0.013586792490880139,
        0.014992281045446374,
        0.009778627409738637,
        0.018982640575565285,
        0.09510432952313241,
        0.10103481443672828,
        0.09758566885286533,
        0.14100949763017456,
        0.14810052832332785,
        0.02074486116480375,
        0.01883376397564308,
        0.014692892756096036,
        0.013751852627399195,
        0.014830251443619066,
        0.12366719802971253,
        0.992499476345346,
        0.9999999999999999,
        0.0909528059541349,
        0.17006152360193438
      ],
      [
        0.18918787472170753,
        0.1970167541328575,
        0.2246801372660832,
        0.2290595660747063,
        0.28203432955206403,
        0.02749784187682836,
        0.03155866943174187,
        0.035817178071938384,
        0.04964124111539792,
        0.07248728560463373,
        0.20607268144695798,
        0.25483112364452126,
        0.23340571693483456,
        0.2556956070416529,
        0.2888512201076079,
        0.1828655112670956,
        0.07059266863926884,
        0.0909528059541349,
        1.0,
        0.16729211510637748
      ],
      [
        0.026348624219656613,
        0.026832845909207797,
        0.031236917080952508,
        0.022494094789339558,
        0.03602997380121067,
        0.09472087663481472,
        0.09920688041682128,
        0.09896270312679276,
        0.13896903809889968,
        0.12295472454189135,
        0.030660639404879727,
        0.05165158916501835,
        0.036148637828132706,
        0.03977220676609302,
        0.03908352265090305,
        0.15351805027722945,
        0.15166512620578998,
        0.17006152360193438,
        0.16729211510637748,
        1.0000000000000002
      ]
    ],
    "traj_ids": [
      0,
      1,
      2,
      3,
      4,
      5,
      6,
      7,
      8,
      9,
      10,
      11,
      12,
      13,
      14,
      15,
      16,
      17,
      18,
      19
    ]
  },
  "parent_child": {
    "n_pairs": 10,
    "pairs": [
      {
        "parent_traj_id": 0,
        "child_traj_id": 10,
        "parent_step": "step_14",
        "step_histogram_sim": 0.3386342690959313,
        "final_histogram_sim": 0.9396225218736942,
        "final_psnr": 19.570652683197842
      },
      {
        "parent_traj_id": 1,
        "child_traj_id": 11,
        "parent_step": "step_09",
        "step_histogram_sim": 0.6052288535281438,
        "final_histogram_sim": 0.1816404548860286,
        "final_psnr": 17.87157949486829
      },
      {
        "parent_traj_id": 2,
        "child_traj_id": 12,
        "parent_step": "step_14",
        "step_histogram_sim": 0.4647512741899389,
        "final_histogram_sim": 0.15170525146691444,
        "final_psnr": 19.599117502538796
      },
      {
        "parent_traj_id": 3,
        "child_traj_id": 13,
        "parent_step": "step_09",
        "step_histogram_sim": 0.8849384097280031,
        "final_histogram_sim": 0.14648586873549965,
        "final_psnr": 15.30820612146069
      },
      {
        "parent_traj_id": 4,
        "child_traj_id": 14,
        "parent_step": "step_24",
        "step_histogram_sim": 0.46417380209639436,
        "final_histogram_sim": 0.45226445671611065,
        "final_psnr": 18.422859007636482
      },
      {
        "parent_traj_id": 5,
        "child_traj_id": 15,
        "parent_step": "step_04",
        "step_histogram_sim": 0.6287251490015713,
        "final_histogram_sim": 0.12854568309945924,
        "final_psnr": 11.454094548304642
      },
      {
        "parent_traj_id": 6,
        "child_traj_id": 16,
        "parent_step": "step_14",
        "step_histogram_sim": 0.33386342293976773,
        "final_histogram_sim": 0.19108856488122647,
        "final_psnr": 13.718726777126445
      },
      {
        "parent_traj_id": 7,
        "child_traj_id": 17,
        "parent_step": "step_14",
        "step_histogram_sim": 0.34526969545173836,
        "final_histogram_sim": 0.09758566885286533,
        "final_psnr": 15.276939761591981
      },
      {
        "parent_traj_id": 8,
        "child_traj_id": 18,
        "parent_step": "step_00",
        "step_histogram_sim": 0.9826066577443201,
        "final_histogram_sim": 0.04964124111539792,
        "final_psnr": 6.500091819320884
      },
      {
        "parent_traj_id": 9,
        "child_traj_id": 19,
        "parent_step": "step_19",
        "step_histogram_sim": 0.43870597191574784,
        "final_histogram_sim": 0.12295472454189135,
        "final_psnr": 12.965564483741936
      }
    ],
    "mean_step_sim": 0.5486897505691556,
    "mean_final_sim": 0.24615344361690877
  }
}